#C data file created using the SS_writedat function in the R package r4ss
#C should work with SS version: 
#C file write time: 2015-04-06 22:23:44
#
1 #_styr
100 #_endyr
1 #_nseas
12 #_months_per_seas
1 #_spawn_seas
1 #_Nfleet
2 #_Nsurveys
1 #_N_areas
Fishery%Survey%CPUE #_fleetnames
0.5 0.5 0.5 #_surveytiming_in_season
1 1 1 #_area_assignments_for_each_fishery_and_survey
1 #_units of catch:  1=bio; 2=num
0.01 #_se of log(catch) only used for init_eq_catch and for Fmethod 2 and 3
1 #_Ngenders
70 #_Nages
0 #_init_equil_catch_for_each_fishery
100 #_N_lines_of_catch_to_read
 #_Fishery year seas
   0.00000    1    1
   0.00000    2    1
   0.00000    3    1
   0.00000    4    1
   0.00000    5    1
   0.00000    6    1
   0.00000    7    1
   0.00000    8    1
   0.00000    9    1
   0.00000   10    1
   0.00000   11    1
   0.00000   12    1
   0.00000   13    1
   0.00000   14    1
   0.00000   15    1
   0.00000   16    1
   0.00000   17    1
   0.00000   18    1
   0.00000   19    1
   0.00000   20    1
   0.00000   21    1
   0.00000   22    1
   0.00000   23    1
   0.00000   24    1
   0.00000   25    1
   0.00000   26    1
   3.58868   27    1
   7.07021   28    1
  10.45090   29    1
  13.74860   30    1
  16.98880   31    1
  20.19830   32    1
  23.39890   33    1
  26.60250   34    1
  29.80950   35    1
  33.00980   36    1
  36.18540   37    1
  39.31420   38    1
  42.37240   39    1
  45.33530   40    1
  48.17720   41    1
  50.87030   42    1
  53.38590   43    1
  55.69640   44    1
  57.77840   45    1
  59.61440   46    1
  61.19460   47    1
  62.51800   48    1
  63.59480   49    1
  64.44820   50    1
  65.11600   51    1
  65.64830   52    1
  66.10340   53    1
  66.54090   54    1
  67.01540   55    1
  67.56960   56    1
  68.22980   57    1
  69.00100   58    1
  69.86330   59    1
  70.77190   60    1
  71.66130   61    1
  72.45740   62    1
  73.09180   63    1
  73.51780   64    1
  73.72210   65    1
  71.93160   66    1
  69.04520   67    1
  66.36480   68    1
  63.92440   69    1
  61.73560   70    1
  59.78830   71    1
  58.05670   72    1
  56.50730   73    1
  55.10300   74    1
  53.80350   75    1
  52.56470   76    1
  51.34520   77    1
  50.11280   78    1
  48.85290   79    1
  47.57170   80    1
  46.29320   81    1
  45.04880   82    1
  43.86430   83    1
  42.74900   84    1
  41.69290   85    1
  40.67160   86    1
  39.65720   87    1
  38.62860   88    1
  37.57570   89    1
  36.49730   90    1
  35.39650   91    1
  34.27520   92    1
  33.13470   93    1
  31.97840   94    1
  30.81490   95    1
  29.65960   96    1
  28.53070   97    1
  27.44330   98    1
  26.40440   99    1
  25.41140  100    1
13 #_N_cpue
 #_Fleet Units Errtype
       1     1       0
       2     1       0
       3     1       0
 #_year seas index       obs se_log
     76    1     2 1177.3094    0.2
     78    1     2 1111.1489    0.2
     80    1     2 1366.6235    0.2
     82    1     2 1055.2927    0.2
     84    1     2 1401.0027    0.2
     86    1     2  984.2663    0.2
     88    1     2 1131.9766    0.2
     90    1     2  962.3566    0.2
     92    1     2 1043.2334    0.2
     94    1     2  793.3565    0.2
     96    1     2 1420.0964    0.2
     98    1     2 1068.2196    0.2
    100    1     2 1077.3059    0.2
0 #_N_discard_fleets
#_discard_units (1=same_as_catchunits(bio/num); 2=fraction; 3=numbers)
#_discard_errtype:  >0 for DF of T-dist(read CV below); 0 for normal with CV; -1 for normal with se; -2 for lognormal
0 #_N_discard
0 #_N_meanbodywt
1 #_DF_for_meanbodywt_T-distribution_like
2 # length bin method: 1=use databins; 2=generate from binwidth,min,max below; 3=read vector
1 # binwidth for population size comp
10 # minimum size in the population (lower edge of first bin and size at age 0.00)
110 # maximum size in the population (lower edge of last bin)
-1 #_comp_tail_compression
1e-10 #_add_to_comp
0 #_combine males into females at or below this bin number
101 #_N_lbins
#_lbin_vector
10 11 12 13 14 15 16 17 18 19 20 21 22 23 24 25 26 27 28 29 30 31 32 33 34 35 36 37 38 39 40 41 42 43 44 45 46 47 48 49 50 51 52 53 54 55 56 57 58 59 60 61 62 63 64 65 66 67 68 69 70 71 72 73 74 75 76 77 78 79 80 81 82 83 84 85 86 87 88 89 90 91 92 93 94 95 96 97 98 99 100 101 102 103 104 105 106 107 108 109 110
49 #_N_Length_comp_observations
 #_Yr Seas FltSvy Gender Part Nsamp l10 l11 l12 l13 l14 l15 l16 l17 l18 l19 l20 l21 l22 l23 l24 l25 l26 l27 l28 l29 l30 l31 l32 l33 l34 l35 l36 l37 l38 l39 l40 l41 l42 l43 l44 l45 l46 l47 l48 l49 l50 l51 l52 l53 l54 l55 l56 l57 l58 l59 l60 l61 l62 l63 l64 l65 l66 l67 l68 l69 l70 l71 l72 l73 l74 l75 l76 l77 l78 l79 l80 l81 l82 l83 l84 l85 l86 l87 l88 l89 l90 l91 l92 l93 l94 l95 l96 l97 l98 l99 l100 l101 l102 l103 l104 l105 l106 l107 l108 l109 l110
   36    1      1      0    0   125   0   0   0   0   0   0   0   0   0   0   0   0   0   0   0   0   0   0   1   1   1   2   1   5   2   2   3   3   2   5   5   9   4   7   6   7   8   7   2   2   1   1   2   4   4   6   5   2   2   1   0   2   3   1   0   2   1   0   1   0   1   0   0   0   0   0   1   0   0   0   0   0   0   0   0   0   0   0   0   0   0   0   0   0   0   0   0   0   0   0    0    0    0    0    0    0    0    0    0    0    0
   46    1      1      0    0   125   0   0   0   0   0   0   0   0   0   0   0   0   0   0   0   0   0   0   0   0   1   0   0   3   1   2   2   5   3   7   8   7   4   4   9   7   4   8   6   1   4   5   6   1   2   6   4   5   2   2   1   2   0   0   1   0   0   0   0   0   1   0   1   0   0   0   0   0   0   0   0   0   0   0   0   0   0   0   0   0   0   0   0   0   0   0   0   0   0   0    0    0    0    0    0    0    0    0    0    0    0
   51    1      1      0    0   125   0   0   0   0   0   0   0   0   0   0   0   0   0   0   0   0   0   0   1   0   0   0   1   0   1   3   4   3   3   4   6   3   5   7   5  10   7   4   7   4   6   4   4   5   5   7   3   4   2   2   0   1   0   2   0   0   0   0   0   0   0   0   0   0   2   0   0   0   0   0   0   0   0   0   0   0   0   0   0   0   0   0   0   0   0   0   0   0   0   0    0    0    0    0    0    0    0    0    0    0    0
   56    1      1      0    0   125   0   0   0   0   0   0   0   0   0   0   0   0   0   0   0   0   1   0   0   0   3   1   2   2   1   2   1   1   1   4   7   8   5   9   3   7   4  11  11   6   4   2   3   6   3   4   1   1   5   1   0   0   2   1   0   0   0   1   0   0   0   0   0   0   0   0   0   0   0   0   0   0   1   0   0   0   0   0   0   0   0   0   0   0   0   0   0   0   0   0    0    0    0    0    0    0    0    0    0    0    0
   61    1      1      0    0   125   0   0   0   0   0   0   0   0   0   0   0   0   0   0   0   0   0   0   0   0   0   0   1   3   2   1   8   6   8   3   2  11   8   7   8   2   8   6   5   5   1   7   3   2   6   3   1   4   0   0   0   1   1   1   0   0   1   0   0   0   0   0   0   0   0   0   0   0   0   0   0   0   0   0   0   0   0   0   0   0   0   0   0   0   0   0   0   0   0   0    0    0    0    0    0    0    0    0    0    0    0
   66    1      1      0    0   125   0   0   0   0   0   0   0   0   0   0   0   0   0   0   0   0   0   0   0   0   1   0   1   1   1   1   1   3   7  10   6   4   8   4   8   5   9   2   8   3   8   3   4   4   3   1   1   2   2   3   0   3   2   0   2   1   1   0   0   1   1   0   0   0   0   0   0   0   0   0   0   0   0   0   0   0   0   0   0   0   0   0   0   0   0   0   0   0   0   0    0    0    0    0    0    0    0    0    0    0    0
   71    1      1      0    0   125   0   0   0   0   0   0   0   0   0   0   0   0   0   0   0   1   0   0   0   0   0   0   1   1   0   3   3   3   8  11   4   9   7   5   8   3   6   8   6   4   8   5   4   1   2   1   2   1   2   1   0   1   0   3   1   0   1   0   0   0   0   0   1   0   0   0   0   0   0   0   0   0   0   0   0   0   0   0   0   0   0   0   0   0   0   0   0   0   0   0    0    0    0    0    0    0    0    0    0    0    0
   72    1      1      0    0   125   0   0   0   0   0   0   0   0   0   0   0   0   0   0   0   0   0   0   0   0   0   0   0   2   2   4   7   7   7   6   1   6   8   4   9   7   7   5   6   3   7   3   4   4   3   2   2   2   0   1   1   2   0   1   1   0   1   0   0   0   0   0   0   0   0   0   0   0   0   0   0   0   0   0   0   0   0   0   0   0   0   0   0   0   0   0   0   0   0   0    0    0    0    0    0    0    0    0    0    0    0
   73    1      1      0    0   125   0   0   0   0   0   0   0   0   0   0   0   0   0   0   0   0   0   1   0   0   0   1   1   4   2   1   6   3   3   1   6  16  11   7   6   5   9   2   3   5   3   4   3   5   2   4   1   0   2   0   0   0   4   0   1   2   1   0   0   0   0   0   0   0   0   0   0   0   0   0   0   0   0   0   0   0   0   0   0   0   0   0   0   0   0   0   0   0   0   0    0    0    0    0    0    0    0    0    0    0    0
   74    1      1      0    0   125   0   0   0   0   0   0   0   0   0   0   0   0   0   0   0   0   0   0   0   0   1   1   1   1   2   3   4   2  10   4   6   5   5  10   6   5   6   6   5   9   9   2   4   2   2   2   1   2   2   1   1   0   2   0   1   0   1   0   0   0   0   0   1   0   0   0   0   0   0   0   0   0   0   0   0   0   0   0   0   0   0   0   0   0   0   0   0   0   0   0    0    0    0    0    0    0    0    0    0    0    0
   75    1      1      0    0   125   0   0   0   0   0   0   0   0   0   0   0   0   0   0   0   0   0   0   1   2   1   2   2   1   2   1   6   3   6   7   5   2   8  13   9   9   5   3   1   4   2   4   6   3   1   3   7   1   0   1   2   0   0   1   1   0   0   0   0   0   0   0   0   0   0   0   0   0   0   0   0   0   0   0   0   0   0   0   0   0   0   0   0   0   0   0   0   0   0   0    0    0    0    0    0    0    0    0    0    0    0
   76    1      1      0    0   125   0   0   0   0   0   0   0   0   0   0   0   0   0   0   0   0   1   0   0   0   0   0   2   0   4   4   4   5   3   3  10  10   8  10   8   2   6   9   3   2   5   7   2   2   1   2   2   0   0   1   1   1   1   2   1   1   0   0   1   1   0   0   0   0   0   0   0   0   0   0   0   0   0   0   0   0   0   0   0   0   0   0   0   0   0   0   0   0   0   0    0    0    0    0    0    0    0    0    0    0    0
   77    1      1      0    0   125   0   0   0   0   0   0   0   0   0   0   0   0   0   0   0   0   0   0   0   0   0   0   2   2   1   0   3   8   5   6   7   3   6   9   7   7  14   4   5   5   5   5   2   4   3   2   1   1   2   2   1   0   1   1   0   0   0   0   0   0   0   0   1   0   0   0   0   0   0   0   0   0   0   0   0   0   0   0   0   0   0   0   0   0   0   0   0   0   0   0    0    0    0    0    0    0    0    0    0    0    0
   78    1      1      0    0   125   0   0   0   0   0   0   0   0   0   0   0   0   0   0   0   1   0   0   0   0   0   0   2   0   0   3   5   8   7   6  12   6  10  13   4   3   5   7   6   4   2   4   4   1   3   3   2   1   1   0   2   0   0   0   0   0   0   0   0   0   0   0   0   0   0   0   0   0   0   0   0   0   0   0   0   0   0   0   0   0   0   0   0   0   0   0   0   0   0   0    0    0    0    0    0    0    0    0    0    0    0
   79    1      1      0    0   125   0   0   0   0   0   0   0   0   0   0   0   0   0   0   0   0   0   0   0   1   1   0   0   0   4   3   2   3   2   7   5   9   5  10   7   6   7   6   3  10   4   4   6   4   4   2   2   1   2   2   0   0   1   0   1   0   0   1   0   0   0   0   0   0   0   0   0   0   0   0   0   0   0   0   0   0   0   0   0   0   0   0   0   0   0   0   0   0   0   0    0    0    0    0    0    0    0    0    0    0    0
   80    1      1      0    0   125   0   0   0   0   0   0   0   0   0   0   0   0   0   0   0   0   0   0   0   0   0   2   1   1   1   1   4   5   2   6   8  11   6   9   7   8   9   5   3   4   7   2   1   4   6   1   0   3   3   1   0   0   0   1   0   1   0   1   0   0   0   0   0   0   0   0   0   0   0   0   0   1   0   0   0   0   0   0   0   0   0   0   0   0   0   0   0   0   0   0    0    0    0    0    0    0    0    0    0    0    0
   81    1      1      0    0   125   0   0   0   0   0   0   0   0   0   0   0   0   0   0   0   0   0   0   0   0   1   2   1   2   1   0   2   4   5   3   5   6   8   6  11   5   7   6  10   7   6   3   3   9   1   2   1   1   1   1   0   1   1   1   0   0   1   0   0   0   0   0   0   0   0   0   0   1   0   0   0   0   0   0   0   0   0   0   0   0   0   0   0   0   0   0   0   0   0   0    0    0    0    0    0    0    0    0    0    0    0
   82    1      1      0    0   125   0   0   0   0   0   0   0   0   0   0   0   0   0   0   0   0   0   0   1   0   0   0   1   4   2   2   4   5   6   4   5   9  10   7   8   9   8   6   4   5   4   1   4   2   2   0   0   4   4   2   0   0   0   0   0   0   0   1   0   0   1   0   0   0   0   0   0   0   0   0   0   0   0   0   0   0   0   0   0   0   0   0   0   0   0   0   0   0   0   0    0    0    0    0    0    0    0    0    0    0    0
   83    1      1      0    0   125   0   0   0   0   0   0   0   0   0   0   0   0   0   0   0   0   0   0   0   0   0   0   0   2   2   3   4   4   3   9   8   3   6   7  14   8  12   5   5   1   5   3   2   3   2   2   1   3   2   2   1   0   1   0   0   0   0   0   0   1   0   0   0   0   0   0   0   0   0   0   0   1   0   0   0   0   0   0   0   0   0   0   0   0   0   0   0   0   0   0    0    0    0    0    0    0    0    0    0    0    0
   84    1      1      0    0   125   0   0   0   0   0   0   0   0   0   0   0   0   0   0   0   0   0   0   0   0   1   0   0   1   1   0   4   4   7   5   7  11   7   3  10  13   7   6   7   6   2   6   3   3   3   2   1   1   0   1   1   0   2   0   0   0   0   0   0   0   0   0   0   0   0   0   0   0   0   0   0   0   0   0   0   0   0   0   0   0   0   0   0   0   0   0   0   0   0   0    0    0    0    0    0    0    0    0    0    0    0
   85    1      1      0    0   125   0   0   0   0   0   0   0   0   0   0   0   0   0   0   0   0   0   0   0   0   1   0   0   1   4   1   1   4   3   2   8   6  13   5   7   8   7   7   7   6   6   4   6   1   3   2   1   3   2   3   1   0   0   0   1   0   0   0   0   0   0   0   0   0   1   0   0   0   0   0   0   0   0   0   0   0   0   0   0   0   0   0   0   0   0   0   0   0   0   0    0    0    0    0    0    0    0    0    0    0    0
   86    1      1      0    0   125   0   0   0   0   0   0   0   0   0   0   0   0   0   0   0   0   0   0   0   0   0   2   1   4   0   3   4   8   2   3   9   9   5   8   5   9   4   8   5   3   3   2   6   2   5   2   3   0   4   0   0   1   2   0   2   0   1   0   0   0   0   0   0   0   0   0   0   0   0   0   0   0   0   0   0   0   0   0   0   0   0   0   0   0   0   0   0   0   0   0    0    0    0    0    0    0    0    0    0    0    0
   87    1      1      0    0   125   0   0   0   0   0   0   0   0   0   0   0   0   0   0   0   0   0   0   0   0   0   0   0   0   2   2   6   4   5   9   6  11   5  13   8   7   7   6   5   4   3   3   1   2   1   4   2   2   0   1   2   1   0   0   0   1   1   1   0   0   0   0   0   0   0   0   0   0   0   0   0   0   0   0   0   0   0   0   0   0   0   0   0   0   0   0   0   0   0   0    0    0    0    0    0    0    0    0    0    0    0
   88    1      1      0    0   125   0   0   0   0   0   0   0   0   0   0   0   0   0   0   0   0   0   0   0   0   0   1   0   2   1   2   4   0   5   7   8   8   5   8  11   5   4   6   7   8   7   6   5   1   2   4   3   0   1   0   1   1   1   1   0   0   0   0   0   0   0   0   0   0   0   0   0   0   0   0   0   0   0   0   0   0   0   0   0   0   0   0   0   0   0   0   0   0   0   0    0    0    0    0    0    0    0    0    0    0    0
   89    1      1      0    0   125   0   0   0   0   0   0   0   0   0   0   0   0   0   0   0   0   0   0   0   1   0   0   0   2   2   3   4   2   2   7   4   9   8  10   8   7   7   7   3   7   4   5   6   3   1   4   0   3   4   0   0   0   0   0   2   0   0   0   0   0   0   0   0   0   0   0   0   0   0   0   0   0   0   0   0   0   0   0   0   0   0   0   0   0   0   0   0   0   0   0    0    0    0    0    0    0    0    0    0    0    0
   90    1      1      0    0   125   0   0   0   0   0   0   0   0   0   0   0   0   0   0   1   0   0   0   0   0   0   1   0   2   2   0   0   1   5   7   8   3   4   8  10   6   6   9   9   5   5   2   1   6   3   4   1   0   5   1   0   1   2   1   1   0   2   1   2   0   0   0   0   0   0   0   0   0   0   0   0   0   0   0   0   0   0   0   0   0   0   0   0   0   0   0   0   0   0   0    0    0    0    0    0    0    0    0    0    0    0
   91    1      1      0    0   125   0   0   0   0   0   0   0   0   0   0   0   0   0   0   0   0   0   0   0   0   1   0   1   1   2   2   7   2   4   6   8   7   8   8   9   4   4   5   6   4   6   3   4   5   3   3   0   0   3   1   2   0   1   1   0   0   2   0   0   1   0   0   0   0   0   0   1   0   0   0   0   0   0   0   0   0   0   0   0   0   0   0   0   0   0   0   0   0   0   0    0    0    0    0    0    0    0    0    0    0    0
   92    1      1      0    0   125   0   0   0   0   0   0   0   0   0   0   0   0   0   0   0   0   0   0   1   0   2   0   3   0   3   4   2   8   5   5   3  10   4   5  10  11   7   8   6   3   6   3   5   2   1   1   1   1   2   0   0   0   1   0   0   1   0   0   0   0   0   1   0   0   0   0   0   0   0   0   0   0   0   0   0   0   0   0   0   0   0   0   0   0   0   0   0   0   0   0    0    0    0    0    0    0    0    0    0    0    0
   93    1      1      0    0   125   0   0   0   0   0   0   0   0   0   0   0   0   0   0   0   0   0   0   0   0   0   1   0   1   2   3   2   3   5   6   6   6   3   6  15   7   3   6   5   5  10   5   6   4   1   1   2   2   2   1   1   1   2   1   0   0   1   0   0   0   0   0   0   0   0   0   0   0   0   0   0   0   0   0   0   0   0   0   0   0   0   0   0   0   0   0   0   0   0   0    0    0    0    0    0    0    0    0    0    0    0
   94    1      1      0    0   125   0   0   0   0   0   0   0   0   0   0   0   0   0   0   0   0   0   0   0   0   0   0   0   0   1   1   4   5   4   6   5   5   7  11  10   9   8   7   9   5   4   3   3   2   2   0   1   3   3   2   1   1   0   0   1   0   0   0   1   0   0   0   0   0   0   1   0   0   0   0   0   0   0   0   0   0   0   0   0   0   0   0   0   0   0   0   0   0   0   0    0    0    0    0    0    0    0    0    0    0    0
   95    1      1      0    0   125   0   0   0   0   0   0   0   0   0   0   0   0   0   0   0   0   0   0   0   0   0   1   1   0   2   2   7   2   3   8   3  11   9   8   3   5   8   9   7   4   5   1   5   3   3   1   1   3   3   1   2   1   1   1   0   0   0   1   0   0   0   0   0   0   0   0   0   0   0   0   0   0   0   0   0   0   0   0   0   0   0   0   0   0   0   0   0   0   0   0    0    0    0    0    0    0    0    0    0    0    0
   96    1      1      0    0   125   0   0   0   0   0   0   0   0   0   0   0   0   0   0   0   0   0   0   0   0   0   2   0   3   0   1   4   2   4   6  11   6   7  11   5   6   5   5   6   5   0   5   5   2   1   5   4   1   2   3   2   2   0   0   0   0   2   0   1   0   1   0   0   0   0   0   0   0   0   0   0   0   0   0   0   0   0   0   0   0   0   0   0   0   0   0   0   0   0   0    0    0    0    0    0    0    0    0    0    0    0
   97    1      1      0    0   125   0   0   0   0   0   0   0   0   0   0   0   0   0   0   0   0   0   0   0   0   0   1   1   1   3   2   6   4   4   6   2   4   8   6   9   5   4   7   2   6   5   4   5   3   7   2   5   2   3   2   1   0   2   0   1   1   1   0   0   0   0   0   0   0   0   0   0   0   0   0   0   0   0   0   0   0   0   0   0   0   0   0   0   0   0   0   0   0   0   0    0    0    0    0    0    0    0    0    0    0    0
   98    1      1      0    0   125   0   0   0   0   0   0   0   0   0   0   0   0   0   0   0   0   0   0   0   0   0   0   0   1   1   2   2   7   7   6   5   6  10  10   4  11   7   3   5   4   4   3   4   1   7   4   3   1   0   2   0   2   1   0   0   2   0   0   0   0   0   0   0   0   0   0   0   0   0   0   0   0   0   0   0   0   0   0   0   0   0   0   0   0   0   0   0   0   0   0    0    0    0    0    0    0    0    0    0    0    0
   99    1      1      0    0   125   0   0   0   0   0   0   0   0   0   0   0   0   0   0   0   0   0   0   0   0   0   1   2   1   1   5   4   2   4   6   6   6   4   5   9   4   8   8   9   7   3   4   1   5   1   2   4   5   1   1   0   2   0   0   1   0   0   3   0   0   0   0   0   0   0   0   0   0   0   0   0   0   0   0   0   0   0   0   0   0   0   0   0   0   0   0   0   0   0   0    0    0    0    0    0    0    0    0    0    0    0
  100    1      1      0    0   125   0   0   0   0   0   0   0   0   0   0   0   0   0   0   0   1   0   0   0   0   2   1   0   4   1   2   3   4   2   6   7   8   6   8  10   5   8   5   9   6   2   6   3   2   4   2   2   2   0   2   0   1   0   0   1   0   0   0   0   0   0   0   0   0   0   0   0   0   0   0   0   0   0   0   0   0   0   0   0   0   0   0   0   0   0   0   0   0   0   0    0    0    0    0    0    0    0    0    0    0    0
   76    1      2      0    0   500   0   0   0   0   0   0   0   0   0   2   0   0   1   0   4   2   4   5   4  15  11  12  12  19  24  26  33  29  36  30  19  24  19  19  10  14  15  19  15   9  11  10   6   7   3   5   4   3   4   1   2   4   1   3   0   3   1   0   0   0   0   0   0   0   0   0   0   0   0   0   0   0   0   0   0   0   0   0   0   0   0   0   0   0   0   0   0   0   0   0    0    0    0    0    0    0    0    0    0    0    0
   78    1      2      0    0   500   0   0   0   0   0   0   0   0   0   0   1   2   3   2   1   3   4   5  13   6   6  16  13  25  28  31  23  24  27  31  21  22  30  24  13  13  18  13  11   8   9   9   6   5   3   6   5   6   2   1   3   3   0   1   1   1   1   0   0   0   0   0   1   0   0   0   0   0   0   0   0   0   0   0   0   0   0   0   0   0   0   0   0   0   0   0   0   0   0   0    0    0    0    0    0    0    0    0    0    0    0
   80    1      2      0    0   500   0   0   0   0   1   0   0   0   0   0   0   0   2   2   1   2   6   6   7   6  17  14  24  17  25  30  30  24  24  19  23  21  27  15  17  14  17  17   8  14  11   7   6  11   3   4   4   5   3   4   3   2   1   1   0   2   2   0   1   0   0   0   0   0   0   0   0   0   0   0   0   0   0   0   0   0   0   0   0   0   0   0   0   0   0   0   0   0   0   0    0    0    0    0    0    0    0    0    0    0    0
   82    1      2      0    0   500   0   0   0   0   0   0   0   0   0   0   1   0   1   0   3   3  14   3   6   8  15  17  15  33  24  19  27  28  22  20  28  19  32  18  19  22   9  18   7   9   7   8   7   4   9   6   1   7   3   4   1   1   0   1   0   0   0   0   1   0   0   0   0   0   0   0   0   0   0   0   0   0   0   0   0   0   0   0   0   0   0   0   0   0   0   0   0   0   0   0    0    0    0    0    0    0    0    0    0    0    0
   84    1      2      0    0   500   0   0   0   0   0   0   0   0   0   0   0   0   0   1   1   2   5   7  14   6  13  19  11  23  20  20  28  21  29  18  28  23  27  20  15  24  25  15  11   8  13   3   7   5   5   8   4   5   3   3   0   1   1   1   3   1   1   1   0   0   0   0   0   1   0   0   0   0   0   0   0   0   0   0   0   0   0   0   0   0   0   0   0   0   0   0   0   0   0   0    0    0    0    0    0    0    0    0    0    0    0
   86    1      2      0    0   500   0   0   0   0   0   0   0   0   0   0   0   0   0   0   5   0   2   6   5  21   9  19  12  21  30  16  17  37  28  27  25  20  23  19  19  19  16  14  10  11  10  12   9   7   5   4   4   7   2   1   2   1   0   2   1   0   0   1   0   0   1   0   0   0   0   0   0   0   0   0   0   0   0   0   0   0   0   0   0   0   0   0   0   0   0   0   0   0   0   0    0    0    0    0    0    0    0    0    0    0    0
   88    1      2      0    0   500   0   0   0   0   0   0   0   0   0   0   0   0   1   1   1   3   3   9   8   7   9   8  20  21  11  20  26  29  27  35  36  33  22  16  20   8  15  15   7  16   6  10   9  11   9   3   3   2   4   4   3   1   2   2   2   2   0   0   0   0   0   0   0   0   0   0   0   0   0   0   0   0   0   0   0   0   0   0   0   0   0   0   0   0   0   0   0   0   0   0    0    0    0    0    0    0    0    0    0    0    0
   90    1      2      0    0   500   0   0   0   0   0   0   0   0   0   0   1   1   0   2   0   2   4   4   5  10  15  13  16  23  24  23  33  22  27  21  27  28  18  14  18  22  14  12  14  16  12   7   3   8   8   7   4   5   1   2   5   5   2   0   1   0   1   0   0   0   0   0   0   0   0   0   0   0   0   0   0   0   0   0   0   0   0   0   0   0   0   0   0   0   0   0   0   0   0   0    0    0    0    0    0    0    0    0    0    0    0
   92    1      2      0    0   500   0   0   0   0   0   0   0   0   0   0   0   1   0   2   3   0   6   5   6   9  12  13  15  20  26  28  24  23  25  18  34  19  23  20  20  12  20  10  12  12   8  15   7   5  10   5   7   3   4   4   2   0   2   2   1   3   0   1   1   2   0   0   0   0   0   0   0   0   0   0   0   0   0   0   0   0   0   0   0   0   0   0   0   0   0   0   0   0   0   0    0    0    0    0    0    0    0    0    0    0    0
   94    1      2      0    0   500   0   0   0   0   0   0   0   0   0   0   0   1   0   4   1   3   6   8   8   8   6  22  19  24  13  24  15  22  34  20  24  24  18  23  15  18  12   7  20  11  11  18   3  10   9   4   4   3   6   6   0   4   4   0   3   2   0   0   2   1   0   0   0   0   0   0   0   0   0   0   0   0   0   0   0   0   0   0   0   0   0   0   0   0   0   0   0   0   0   0    0    0    0    0    0    0    0    0    0    0    0
   96    1      2      0    0   500   0   0   0   0   0   0   0   1   1   0   0   1   1   0   1   3   4  10   6  12  18  15  21  13  19  15  22  22  30  24  22  22  22  16  14  22  20  15   9  11   9  19  10   5   9   3   9   3   2   3   2   1   1   4   3   0   0   0   1   1   1   0   1   1   0   0   0   0   0   0   0   0   0   0   0   0   0   0   0   0   0   0   0   0   0   0   0   0   0   0    0    0    0    0    0    0    0    0    0    0    0
   98    1      2      0    0   500   0   0   0   0   0   0   0   0   0   0   0   1   0   0   1   1   5   7   9  15  13  20  18  23  21  27  21  25  28  26  17  18  27  21  16  16  15  15  16  15   6  10   7   4  12   6   1   2   3   3   2   0   1   2   3   0   0   0   0   1   0   0   0   0   0   0   0   0   0   0   0   0   0   0   0   0   0   0   0   0   0   0   0   0   0   0   0   0   0   0    0    0    0    0    0    0    0    0    0    0    0
  100    1      2      0    0   500   0   0   0   0   0   0   0   0   0   0   0   0   4   1   2   3   3   8   8  11   7  21  20  14  26  22  21  24  21  34  19  17  22  23  12  15  15  10  16  10  12  11  10   4   8   9  10   3   4   3   5   4   1   1   2   1   1   0   0   0   0   2   0   0   0   0   0   0   0   0   0   0   0   0   0   0   0   0   0   0   0   0   0   0   0   0   0   0   0   0    0    0    0    0    0    0    0    0    0    0    0
70 #_N_agebins
#_agebin_vector
1 2 3 4 5 6 7 8 9 10 11 12 13 14 15 16 17 18 19 20 21 22 23 24 25 26 27 28 29 30 31 32 33 34 35 36 37 38 39 40 41 42 43 44 45 46 47 48 49 50 51 52 53 54 55 56 57 58 59 60 61 62 63 64 65 66 67 68 69 70
1 #_N_ageerror_definitions
 #_age0   age1   age2   age3   age4   age5   age6   age7   age8   age9  age10  age11  age12  age13  age14  age15  age16  age17  age18  age19  age20  age21  age22  age23  age24  age25  age26  age27  age28  age29  age30  age31  age32  age33  age34  age35  age36  age37  age38  age39  age40  age41  age42  age43  age44  age45  age46  age47  age48  age49  age50  age51  age52  age53  age54  age55  age56  age57  age58  age59  age60  age61  age62  age63  age64  age65  age66  age67  age68  age69  age70
 -1.000 -1.000 -1.000 -1.000 -1.000 -1.000 -1.000 -1.000 -1.000 -1.000 -1.000 -1.000 -1.000 -1.000 -1.000 -1.000 -1.000 -1.000 -1.000 -1.000 -1.000 -1.000 -1.000 -1.000 -1.000 -1.000 -1.000 -1.000 -1.000 -1.000 -1.000 -1.000 -1.000 -1.000 -1.000 -1.000 -1.000 -1.000 -1.000 -1.000 -1.000 -1.000 -1.000 -1.000 -1.000 -1.000 -1.000 -1.000 -1.000 -1.000 -1.000 -1.000 -1.000 -1.000 -1.000 -1.000 -1.000 -1.000 -1.000 -1.000 -1.000 -1.000 -1.000 -1.000 -1.000 -1.000 -1.000 -1.000 -1.000 -1.000 -1.000
  0.001  0.001  0.001  0.001  0.001  0.001  0.001  0.001  0.001  0.001  0.001  0.001  0.001  0.001  0.001  0.001  0.001  0.001  0.001  0.001  0.001  0.001  0.001  0.001  0.001  0.001  0.001  0.001  0.001  0.001  0.001  0.001  0.001  0.001  0.001  0.001  0.001  0.001  0.001  0.001  0.001  0.001  0.001  0.001  0.001  0.001  0.001  0.001  0.001  0.001  0.001  0.001  0.001  0.001  0.001  0.001  0.001  0.001  0.001  0.001  0.001  0.001  0.001  0.001  0.001  0.001  0.001  0.001  0.001  0.001  0.001
49 #_N_agecomp
3 #_Lbin_method: 1=poplenbins; 2=datalenbins; 3=lengths
-1 #_combine males into females at or below this bin number
 #_Yr Seas FltSvy Gender Part Ageerr Lbin_lo Lbin_hi Nsamp a1 a2 a3 a4 a5 a6 a7 a8 a9 a10 a11 a12 a13 a14 a15 a16 a17 a18 a19 a20 a21 a22 a23 a24 a25 a26 a27 a28 a29 a30 a31 a32 a33 a34 a35 a36 a37 a38 a39 a40 a41 a42 a43 a44 a45 a46 a47 a48 a49 a50 a51 a52 a53 a54 a55 a56 a57 a58 a59 a60 a61 a62 a63 a64 a65 a66 a67 a68 a69 a70
   36    1      1      0    0      1      -1      -1   125  0  0  0  0  0  2  0  3  0   0   4   7  10   8   7   1   5   5   3   2   2   4   5   3   2  11   3   0   1   1   6   0   1   1   3   2   0   1   2   1   0   1   1   1   0   1   1   3   1   1   1   0   1   2   0   0   0   0   1   1   0   1   1   0   0   0   0   0   1   0
   46    1      1      0    0      1      -1      -1   125  0  0  0  0  0  0  2  2  0   3   2   2  10   6   6  10   7   7   5   1   4   5  11   4   5   3   5   2   1   0   1   0   0   0   0   4   2   0   0   0   1   0   0   1   5   0   1   0   0   1   1   0   0   0   0   0   0   2   1   0   0   0   0   0   0   0   0   0   0   2
   51    1      1      0    0      1      -1      -1   125  0  0  0  0  0  1  1  1  1   2   1   4   5   7   7   3   2   5  12   1   2   9   5   4   4   5   7   8   6   1   5   1   0   0   1   0   0   0   0   1   1   1   0   0   0   0   0   1   1   0   0   1   1   0   0   1   1   0   1   0   0   1   0   0   0   0   0   0   0   3
   56    1      1      0    0      1      -1      -1   125  0  0  0  1  1  0  4  1  6   2   3   6   7   8   2   4   7   5   4   7   1   0   4   9   1   2   4   7   1   3   4   3   0   2   3   0   2   1   0   1   0   0   0   0   0   2   1   1   0   2   0   0   1   1   0   0   0   0   0   0   0   0   0   0   0   0   0   0   0   1
   61    1      1      0    0      1      -1      -1   125  0  0  0  0  0  1  0  0  4   4   3   3   9   9   3  11   6   7   5   2   8   3   4   3   3   1   1   3   4   0   0   1   3   3   0   4   3   0   3   1   0   1   2   1   0   0   1   2   0   0   0   0   0   0   0   0   0   0   0   0   0   0   0   0   1   0   0   0   0   2
   66    1      1      0    0      1      -1      -1   125  0  0  0  0  0  0  4  1  1   4   6   3   3   5  13   4   8   8  15   4   9   8   3   2   0   1   2   1   1   4   0   1   3   2   0   1   2   0   0   0   1   0   0   1   1   0   0   0   0   1   0   0   0   1   1   0   0   0   0   0   0   0   0   0   0   0   0   0   0   0
   71    1      1      0    0      1      -1      -1   125  0  0  0  0  1  2  2  0  4   9   3  10   5   7   2   8   3   3   5  10   4   4   3   4   4   2   0   6   2   2   3   2   0   1   2   0   1   2   1   0   3   0   0   0   0   1   0   0   1   1   0   0   0   0   1   0   0   0   0   0   0   0   0   0   0   0   0   1   0   0
   72    1      1      0    0      1      -1      -1   125  0  0  0  1  1  3  3  1  2   5  10   2   9   4   5   7   9   1   3   6  11   3   5   2   4   2   0   3   3   0   0   2   1   2   2   0   1   2   0   2   0   2   0   1   0   0   1   1   1   0   0   0   1   0   0   0   0   0   0   0   0   0   0   0   0   0   0   0   0   1
   73    1      1      0    0      1      -1      -1   125  0  0  0  0  0  1  1  2  1   3   5  12   2   9   4   4   2   8   2   2   6  10   7   5   5   7   2   1   3   1   2   1   0   1   4   0   1   0   0   1   0   0   1   2   0   1   0   1   2   1   1   0   0   0   0   0   0   0   0   0   0   0   0   0   0   0   0   0   0   1
   74    1      1      0    0      1      -1      -1   125  0  0  0  0  0  1  1  1  1   7   2  11  15   5   9   3   6   4  10   2   2   6   8   2   4   4   3   0   1   2   5   0   1   2   1   0   0   0   0   0   0   2   0   0   0   0   1   0   1   0   1   0   1   0   0   0   0   0   0   0   0   0   0   0   0   0   0   0   0   0
   75    1      1      0    0      1      -1      -1   125  0  0  0  0  1  0  0  1  2   3   9   3   6  10   1   9   1   7   6  11   0   3   5  13   2   5   2   8   2   2   2   1   1   1   0   1   0   0   1   1   0   0   0   0   1   1   0   1   0   1   1   0   0   0   0   0   0   0   0   0   0   0   0   0   0   0   0   0   0   0
   76    1      1      0    0      1      -1      -1   125  0  0  0  0  0  0  0  1  2   7   3   4   2   8  16   6  14   4   3   3   4   1   2   4  10   1   7   1   7   1   2   1   0   0   0   1   0   1   0   1   0   0   0   4   0   0   0   2   0   0   2   0   0   0   0   0   0   0   0   0   0   0   0   0   0   0   0   0   0   0
   77    1      1      0    0      1      -1      -1   125  0  0  0  1  1  1  1  3  2   4   6   8  11   2   8  12   1  13   5   3   2   3   3   2   8   8   2   5   1   0   0   1   1   0   1   1   0   2   1   0   1   0   0   0   0   0   0   0   0   0   0   0   0   0   0   0   0   0   0   0   0   0   0   0   0   0   0   1   0   0
   78    1      1      0    0      1      -1      -1   125  0  0  0  0  0  1  1  1  3   4   5  10   4   4   7   5  12   1  18   2   6   2   5   1   1   3   4   2   4   2   2   1   0   0   4   1   1   1   0   1   1   0   2   1   0   0   0   0   1   0   0   0   0   0   0   0   0   0   0   0   0   0   0   0   0   0   0   0   0   1
   79    1      1      0    0      1      -1      -1   125  0  0  0  0  0  1  2  2  3   0   5   7   6   8  14   1   6  10   6  11   2   3   8   3   3   1   3   8   1   2   0   2   0   1   1   2   1   0   0   1   0   0   0   0   0   0   0   0   0   0   0   0   0   0   0   1   0   0   0   0   0   0   0   0   0   0   0   0   0   0
   80    1      1      0    0      1      -1      -1   125  0  0  0  0  0  0  1  3  1   4  11   2  10   7   5  14   0   3  12   6   4   3   2   2   2   0   2   4   9   3   2   0   2   0   1   0   2   1   0   0   2   1   1   0   1   0   0   0   0   0   0   0   0   0   0   0   0   0   1   0   0   0   1   0   0   0   0   0   0   0
   81    1      1      0    0      1      -1      -1   125  0  0  0  0  0  0  5  1  2   1   3   3   6   6  14   5  17   4   9  12   1   9   1   2   4   2   0   1   2   3   1   1   1   1   1   0   0   2   0   0   0   0   1   0   0   0   2   0   0   0   0   0   0   0   0   0   0   0   0   0   0   1   0   0   0   0   0   0   0   1
   82    1      1      0    0      1      -1      -1   125  0  0  0  0  0  0  4  4  3   2   3   0   8   3   9  10   8   9   3   4  13   4   8   1   2   2   5   0   1   0   1   5   1   1   3   1   0   2   0   1   0   0   0   0   0   0   0   0   0   0   0   0   0   2   0   0   0   0   0   0   0   0   0   0   0   0   0   0   1   1
   83    1      1      0    0      1      -1      -1   125  0  0  0  1  0  1  5  0  8   3   2   3   3   7   5   9   9   7   9   3   5   7   2   4   0   6   0   6   0   2   0   3   2   3   1   2   0   1   0   1   0   0   1   0   1   0   0   0   0   0   1   0   0   1   0   0   1   0   0   0   0   0   0   0   0   0   0   0   0   0
   84    1      1      0    0      1      -1      -1   125  0  0  0  1  0  0  2  5  2   4   4   5   4   4   3   3  12   8  10   6   3   7   7   0   5   4   3   1   0   0   3   3   4   3   2   0   2   0   1   0   0   2   0   0   0   0   1   0   0   0   1   0   0   0   0   0   0   0   0   0   0   0   0   0   0   0   0   0   0   0
   85    1      1      0    0      1      -1      -1   125  0  0  0  0  0  0  0  2  3   5   7   7   4   5   6  11   4  12   6   5   9   1   6   6   2   4   2   2   1   2   1   0   1   1   2   1   1   1   0   1   1   1   1   0   0   0   0   0   0   0   0   1   0   0   0   0   0   0   0   0   0   0   0   0   0   0   0   0   0   0
   86    1      1      0    0      1      -1      -1   125  0  0  0  1  0  2  1  2  2   7   5  11   5  10   5   5   3   3   8   7   4   5   1   3  13   2   6   1   1   1   4   0   0   1   2   1   0   0   0   0   0   0   1   0   0   0   0   0   0   0   0   0   0   0   1   0   0   0   0   0   0   1   0   0   0   0   0   0   0   0
   87    1      1      0    0      1      -1      -1   125  0  0  0  0  1  0  2  2  2   1  10   6   8   8   5   5   3  11   3  10   5   3   8   0   4   8   3   3   0   0   3   2   0   1   0   4   1   1   1   0   0   0   0   0   0   0   0   0   0   0   0   0   0   0   0   0   0   0   0   0   0   0   0   1   0   0   0   0   0   0
   88    1      1      0    0      1      -1      -1   125  0  0  0  0  0  1  1  1  1   2   5  10   0   9  11   2   5   1   5   4   9   6   5   3   2   2  12   1   7   2   0   1   1   1   1   0   5   1   0   1   2   0   0   2   1   0   0   0   0   1   1   0   0   0   0   0   0   0   0   0   0   0   0   0   0   0   0   0   0   0
   89    1      1      0    0      1      -1      -1   125  0  0  0  0  1  0  2  0  2   3   3   6  10   6  10   9   1   4   6   3   3  12   8   5   6   0   1   9   1   4   0   1   2   1   0   1   0   0   0   2   0   1   0   0   1   0   0   0   0   0   0   0   0   0   0   0   0   0   0   0   0   0   0   0   0   0   0   0   0   1
   90    1      1      0    0      1      -1      -1   125  0  0  0  0  0  0  4  1  0   5   3   2   1  14   6   5  10   4   4   2   3   4  10   6   5   3   0   0   7   2   5   1   2   5   3   2   0   0   1   0   0   1   2   0   0   0   0   0   0   1   0   0   0   0   1   0   0   0   0   0   0   0   0   0   0   0   0   0   0   0
   91    1      1      0    0      1      -1      -1   125  0  0  0  0  0  0  0  1  2   1   9   1   1   6  21  10   3  11   3   6   1   6   1   8   4   4   4   1   2   5   0   2   0   1   0   1   0   0   1   1   0   1   0   4   1   0   1   0   0   0   0   0   1   0   0   0   0   0   0   0   0   0   0   0   0   0   0   0   0   0
   92    1      1      0    0      1      -1      -1   125  0  0  0  0  1  0  0  1  4   6   1  12   2   2   1  14   8   9   7   3   3   0   4   6  10   7   2   1   0   2   3   0   3   3   1   1   3   0   1   0   2   0   0   0   1   0   0   0   0   1   0   0   0   0   0   0   0   0   0   0   0   0   0   0   0   0   0   0   0   0
   93    1      1      0    0      1      -1      -1   125  0  0  0  0  0  2  2  0  0   7   5   2   3   5   1   5  14   5  11   8   6   3   2   8   0   3   6   4   4   2   1   3   0   2   0   1   1   3   1   0   0   1   0   2   1   1   0   0   0   0   0   0   0   0   0   0   0   0   0   0   0   0   0   0   0   0   0   0   0   0
   94    1      1      0    0      1      -1      -1   125  0  0  0  0  0  1  1  0  0   2   6   8   1  10   2   2   7  15   1  10   7   4   4   1   3   1   6   3   3   4   1   2   4   0   6   0   2   1   3   0   0   0   1   0   0   0   1   0   0   0   0   0   0   0   0   0   0   1   0   0   0   0   0   0   0   0   0   0   0   1
   95    1      1      0    0      1      -1      -1   125  0  0  0  0  1  0  0  2  4   2   3   4   9   4   8   4   2   2  16   5   5   5   5   6   5   2   1   4   3   1   7   0   2   4   0   1   0   0   1   3   1   0   0   0   0   1   0   0   0   0   0   0   0   0   0   0   0   0   0   0   0   0   1   1   0   0   0   0   0   0
   96    1      1      0    0      1      -1      -1   125  0  1  0  0  0  1  1  2  3   2   1   3   4  16   4   6   3   2   3  21   9   7   2   0   5   2   0   3   5   4   1   1   1   1   5   1   0   0   0   1   0   1   0   0   0   0   1   0   0   0   0   1   0   0   0   0   0   0   0   0   0   0   0   0   0   0   1   0   0   0
   97    1      1      0    0      1      -1      -1   125  0  0  0  1  0  1  5  2  0   1   1   2   5  13  13   5   5   3   3   5   9   4   6   2   6   2   0   5   1   1   7   2   3   0   2   1   0   2   2   0   0   1   1   0   1   1   0   1   0   0   0   0   0   0   0   0   0   0   0   0   0   0   0   0   0   0   0   0   0   0
   98    1      1      0    0      1      -1      -1   125  0  0  1  0  0  2  1  2  1   1   3   5   2   5   6  12   2  10   2   2   3  15   4   6   7   2   2   2   2   1   4   5   2   2   1   0   6   0   2   0   0   1   0   0   0   0   1   0   0   0   0   0   0   0   0   0   0   0   0   0   0   0   0   0   0   0   0   0   0   0
   99    1      1      0    0      1      -1      -1   125  0  0  0  0  0  0  2  2  8   2   1   3   6   4   1   8  15   1  10   1   1   6  13   4   4   5   1   1   0   2   4   6   3   2   2   1   1   2   0   0   1   0   0   0   0   0   0   0   0   0   1   0   0   0   0   0   0   0   0   0   0   0   0   0   0   0   0   0   0   1
  100    1      1      0    0      1      -1      -1   125  0  0  0  1  1  0  0  1  2   6   8   2   4   6   2   2  12  11   1   9   3   3   6   3   2   4   4   2   3   1   4   1   5   4   1   2   0   2   2   0   0   0   0   0   1   1   0   1   0   0   0   0   1   0   0   0   0   0   0   0   1   0   0   0   0   0   0   0   0   0
   76    1      2      0    0      1      -1      -1   500  1  1  6  5  6  7 17 24 40  42  32  45   6  23  58   9  30  11  11  11  12   6   3   7  27   9   7   4   9   1   5   3   4   2   1   1   0   2   1   0   1   0   2   1   0   0   1   1   0   0   0   1   0   0   1   0   0   0   0   0   0   0   0   0   0   0   0   0   0   3
   78    1      2      0    0      1      -1      -1   500  0  8  2 12 15 16 19  6 16  18  42  57  25  33  10  23  53   7  33  10   3   8  10   4   4   7  10   6   8   7   5   2   3   1   2   1   0   0   1   1   2   3   1   0   2   1   0   0   0   1   0   1   1   0   0   0   0   0   0   0   0   0   0   0   0   0   0   0   0   0
   80    1      2      0    0      1      -1      -1   500  0  0  3 14 11 14 33 22 28  16  24  25  38  35  30  29   5  12  39   5  28   6   8  12   4   6   2   4   9   2   0   3   8   0   4   1   3   1   0   1   1   2   0   3   0   0   1   0   0   1   1   0   0   0   1   1   0   0   1   0   1   0   0   0   0   0   0   0   0   2
   82    1      2      0    0      1      -1      -1   500  0  1  6  0  5 28 17 38 38  15  18   9  21  19  49  36  14  28   6  16  34  12  17   5   5  13  10   2   0   4   3   2   2   3   5   0   3   1   2   1   0   0   1   1   1   0   0   0   1   1   0   1   0   0   0   1   0   1   2   1   0   0   0   0   0   0   0   0   0   1
   84    1      2      0    0      1      -1      -1   500  0  4  1  8  3  5 12 60 28  23  37  25  23  17  20  18  38  29  14  16   4  16  16   7  17   0   1   3   3   3   3   4   4   4   4   2   7   1   1   1   5   1   0   2   0   1   0   0   0   2   0   1   1   1   0   1   0   0   0   0   0   0   1   0   0   0   0   0   0   2
   86    1      2      0    0      1      -1      -1   500  0  0  4 11  5 19 10 10 15  76  30  31  38  20  22  12  20  15  31  27  11  16   6   8  12   3   9   3   6   5   3   1   2   1   5   2   3   0   3   0   0   0   1   0   0   0   0   1   0   1   0   0   1   0   0   0   0   0   0   0   0   0   0   0   0   0   0   0   0   1
   88    1      2      0    0      1      -1      -1   500  0  0  3  3 16 28  9 21 11  16  21  76  22  27  37  13  23  11   8  14  19   9  11  15   4   9  15   4  13   2   4   3   2   0   1   4   7   1   2   0   4   1   0   1   2   0   2   0   3   0   1   0   0   0   0   0   0   0   0   0   0   0   0   1   0   0   1   0   0   0
   90    1      2      0    0      1      -1      -1   500  0  1  2  8  3  6 19 30  6  51  13  10  23  60  31  28  19  13  20  13  15   7  25  15   8  11   3   4  10   5  13   1   7   1   4   3   0   3   2   1   1   0   1   0   1   0   0   0   0   0   0   1   1   1   0   0   0   0   0   0   0   0   0   0   0   0   0   0   0   0
   92    1      2      0    0      1      -1      -1   500  0  4  4 10  7 12 14 18 20  47  14  34  10  19  23  61  22  25  30  10  14   5   9   5  17  12   5   6   2   6  11   2   5   1   1   0   2   1   1   1   2   2   1   0   1   0   1   0   0   0   0   0   1   0   0   0   0   0   0   1   0   0   0   0   0   0   1   0   0   0
   94    1      2      0    0      1      -1      -1   500  1  1  4 16 14  8 21 18  7  18  27  61  15  34  10  10  15  43  20  21  24   9  11   4   4   5  19  10   5   8   1   2   8   1   5   0   0   4   2   0   1   1   6   0   0   1   2   0   0   0   0   1   0   0   1   0   0   0   0   0   0   0   0   0   0   0   0   0   0   1
   96    1      2      0    0      1      -1      -1   500  0  2  4 10  9 34 16 16 11  18  19  19  28  53   9  34   9  12  15  31  14  19  22  12  12   3   6   5   9   6   5   8   1   2   7   0   5   0   0   1   2   0   1   0   1   0   2   2   2   0   2   0   1   0   0   1   0   0   0   0   0   0   0   0   0   0   0   0   0   0
   98    1      2      0    0      1      -1      -1   500  1  3  4  3 10  7 19 47 27  22  15  21  11  21  36  53   8  24   3   8   7  31  10  14  14   4  13   3   9   5   8   4   3   4   2   1   5   2   1   1   0   3   1   1   0   0   3   3   1   0   0   1   0   0   0   0   0   0   0   0   0   0   0   1   0   0   0   0   0   2
  100    1      2      0    0      1      -1      -1   500  3  2  2  4  6  3 18 23 33  67  40  16  19  14  16  12  21  27  10  16   7   6   9  22  14  10  17   7   7   3   4   0  10   4   5   6   0   2   5   1   2   0   1   1   2   0   0   1   0   0   0   0   0   0   0   1   1   0   0   0   0   0   0   0   0   0   0   0   0   0
0 #_N_MeanSize_at_Age_obs
0 #_N_environ_variables
0 #_N_environ_obs
0 #_N_sizefreq_methods
0 #_do_tags
0 #_morphcomp_data
#
999
