#C data file created using the SS_writedat function in the R package r4ss
#C should work with SS version: 
#C file write time: 2015-04-06 18:24:26
#
1 #_styr
100 #_endyr
1 #_nseas
12 #_months_per_seas
1 #_spawn_seas
1 #_Nfleet
2 #_Nsurveys
1 #_N_areas
Fishery%Survey%CPUE #_fleetnames
0.5 0.5 0.5 #_surveytiming_in_season
1 1 1 #_area_assignments_for_each_fishery_and_survey
1 #_units of catch:  1=bio; 2=num
0.01 #_se of log(catch) only used for init_eq_catch and for Fmethod 2 and 3
1 #_Ngenders
25 #_Nages
0 #_init_equil_catch_for_each_fishery
100 #_N_lines_of_catch_to_read
 #_Fishery year seas
      0.00    1    1
      0.00    2    1
      0.00    3    1
      0.00    4    1
      0.00    5    1
      0.00    6    1
      0.00    7    1
      0.00    8    1
      0.00    9    1
      0.00   10    1
      0.00   11    1
      0.00   12    1
      0.00   13    1
      0.00   14    1
      0.00   15    1
      0.00   16    1
      0.00   17    1
      0.00   18    1
      0.00   19    1
      0.00   20    1
      0.00   21    1
      0.00   22    1
      0.00   23    1
      0.00   24    1
      0.00   25    1
      0.00   26    1
   1004.89   27    1
   2039.70   28    1
   3036.03   29    1
   4031.84   30    1
   4902.30   31    1
   5529.18   32    1
   5963.67   33    1
   6608.25   34    1
   7175.79   35    1
   7293.88   36    1
   7093.04   37    1
   6888.89   38    1
   6545.17   39    1
   6283.84   40    1
   6083.17   41    1
   5768.52   42    1
   5248.22   43    1
   4836.88   44    1
   4969.71   45    1
   5360.66   46    1
   5641.86   47    1
   5850.41   48    1
   6919.23   49    1
   7592.91   50    1
   7784.69   51    1
   7891.86   52    1
   9104.82   53    1
   9438.32   54    1
   8422.60   55    1
   7049.29   56    1
   6373.16   57    1
   5901.70   58    1
   5239.03   59    1
   4850.91   60    1
   5751.04   61    1
   6410.31   62    1
   8069.61   63    1
   8276.73   64    1
   7289.30   65    1
   6974.50   66    1
   6822.31   67    1
   7238.08   68    1
   7761.47   69    1
   7107.61   70    1
   6075.67   71    1
   5051.02   72    1
   4568.24   73    1
   4427.64   74    1
   4782.67   75    1
   5258.83   76    1
   5969.87   77    1
   7397.30   78    1
   7348.36   79    1
   6211.96   80    1
   5132.21   81    1
   4792.19   82    1
   4550.31   83    1
   5104.54   84    1
   5436.06   85    1
   5057.95   86    1
   4342.77   87    1
   3830.55   88    1
   3490.99   89    1
   3238.61   90    1
   3532.23   91    1
   4499.46   92    1
   4902.00   93    1
   4731.55   94    1
   4406.73   95    1
   3968.79   96    1
   3712.04   97    1
   3626.70   98    1
   3684.46   99    1
   4035.78  100    1
13 #_N_cpue
 #_Fleet Units Errtype
       1     1       0
       2     1       0
       3     1       0
 #_year seas index      obs se_log
     76    1     2 14816.03    0.2
     78    1     2 20796.03    0.2
     80    1     2 21112.63    0.2
     82    1     2 13855.25    0.2
     84    1     2 21938.93    0.2
     86    1     2 15051.79    0.2
     88    1     2 14404.43    0.2
     90    1     2 11498.26    0.2
     92    1     2 19489.87    0.2
     94    1     2 16095.80    0.2
     96    1     2 26427.35    0.2
     98    1     2 20424.40    0.2
    100    1     2 26858.96    0.2
0 #_N_discard_fleets
#_discard_units (1=same_as_catchunits(bio/num); 2=fraction; 3=numbers)
#_discard_errtype:  >0 for DF of T-dist(read CV below); 0 for normal with CV; -1 for normal with se; -2 for lognormal
0 #_N_discard
0 #_N_meanbodywt
1 #_DF_for_meanbodywt_T-distribution_like
2 # length bin method: 1=use databins; 2=generate from binwidth,min,max below; 3=read vector
1 # binwidth for population size comp
2 # minimum size in the population (lower edge of first bin and size at age 0.00)
102 # maximum size in the population (lower edge of last bin)
-1 #_comp_tail_compression
1e-10 #_add_to_comp
1 #_combine males into females at or below this bin number
101 #_N_lbins
#_lbin_vector
2 3 4 5 6 7 8 9 10 11 12 13 14 15 16 17 18 19 20 21 22 23 24 25 26 27 28 29 30 31 32 33 34 35 36 37 38 39 40 41 42 43 44 45 46 47 48 49 50 51 52 53 54 55 56 57 58 59 60 61 62 63 64 65 66 67 68 69 70 71 72 73 74 75 76 77 78 79 80 81 82 83 84 85 86 87 88 89 90 91 92 93 94 95 96 97 98 99 100 101 102
49 #_N_Length_comp_observations
 #_Yr Seas FltSvy Gender Part Nsamp l2 l3 l4 l5 l6 l7 l8 l9 l10 l11 l12 l13 l14 l15 l16 l17 l18 l19 l20 l21 l22 l23 l24 l25 l26 l27 l28 l29 l30 l31 l32 l33 l34 l35 l36 l37 l38 l39 l40 l41 l42 l43 l44 l45 l46 l47 l48 l49 l50 l51 l52 l53 l54 l55 l56 l57 l58 l59 l60 l61 l62 l63 l64 l65 l66 l67 l68 l69 l70 l71 l72 l73 l74 l75 l76 l77 l78 l79 l80 l81 l82 l83 l84 l85 l86 l87 l88 l89 l90 l91 l92 l93 l94 l95 l96 l97 l98 l99 l100 l101 l102
   36    1      1      0    0   125  0  0  0  0  0  0  0  0   0   0   0   0   0   0   0   0   0   0   0   0   0   1   0   4   1   1   2   2   1   3   4   7   3   6   6   7   8   7   2   3   2   2   3   5   6   7   6   3   3   1   0   2   4   2   0   3   1   0   3   1   1   0   0   0   0   1   1   0   0   0   0   0   0   0   0   0   0   0   0   0   0   0   0   0   0   0   0   0   0   0   0   0   0   0   0   0   0   0    0    0    0
   46    1      1      0    0   125  0  0  0  0  0  0  0  0   0   0   0   0   0   0   0   0   0   0   0   0   1   0   1   5   3   3   4   7   4   8   8   7   4   3   8   5   3   7   5   0   3   4   5   1   2   6   3   5   1   2   1   3   0   0   1   0   0   0   0   0   1   0   0   1   0   0   0   0   0   0   0   0   0   0   0   0   0   0   0   0   0   0   0   0   0   0   0   0   0   0   0   0   0   0   0   0   0   0    0    0    0
   51    1      1      0    0   125  0  0  0  0  0  0  0  0   0   0   0   0   0   0   0   0   0   1   0   0   0   1   0   1   3   4   3   3   4   6   3   5   7   5   9   7   3   7   4   6   4   5   5   5   7   3   4   3   2   0   1   0   2   0   0   0   0   0   0   0   0   0   0   2   0   0   0   0   0   0   0   0   0   0   0   0   0   0   0   0   0   0   0   0   0   0   0   0   0   0   0   0   0   0   0   0   0   0    0    0    0
   56    1      1      0    0   125  0  0  0  0  0  0  0  0   0   0   0   0   0   0   0   0   1   0   0   0   3   1   2   3   1   3   1   1   1   3   5   7   4   8   2   6   3  10  10   6   4   3   4   7   4   4   2   2   5   1   1   1   2   2   0   0   0   1   0   0   0   0   0   0   0   0   0   0   0   0   0   0   1   0   0   0   0   0   0   0   0   0   0   0   0   0   0   0   0   0   0   0   0   0   0   0   0   0    0    0    0
   61    1      1      0    0   125  0  0  0  0  0  0  0  0   0   0   0   0   0   0   0   0   0   0   0   0   0   0   2   4   2   2  10   7  10   4   3  12   9   8   7   2   7   5   5   4   0   5   2   1   5   2   1   3   0   0   0   1   1   0   0   0   1   0   0   0   0   0   0   0   0   0   0   0   0   0   0   0   0   0   0   0   0   0   0   0   0   0   0   0   0   0   0   0   0   0   0   0   0   0   0   0   0   0    0    0    0
   66    1      1      0    0   125  0  0  0  0  0  0  0  0   0   0   0   1   0   0   0   0   0   0   0   0   1   0   2   1   2   2   2   5   9  12   6   4   7   4   7   4   7   1   7   2   7   3   4   3   2   1   1   2   2   3   0   3   2   0   2   1   1   0   0   1   1   0   0   0   0   0   0   0   0   0   0   0   0   0   0   0   0   0   0   0   0   0   0   0   0   0   0   0   0   0   0   0   0   0   0   0   0   0    0    0    0
   71    1      1      0    0   125  0  0  0  0  0  0  0  0   0   0   0   0   0   0   0   1   0   0   0   0   0   0   1   1   0   3   2   2   7  11   4   9   7   4   7   2   5   8   6   4   8   6   5   1   2   1   2   2   3   1   1   1   0   4   1   1   1   0   0   0   0   0   1   0   0   0   0   0   0   0   0   0   0   0   0   0   0   0   0   0   0   0   0   0   0   0   0   0   0   0   0   0   0   0   0   0   0   0    0    0    0
   72    1      1      0    0   125  0  0  0  0  0  0  0  0   0   0   0   0   0   0   0   0   0   0   1   0   0   1   0   3   3   4   7   7   6   5   1   5   7   3   7   5   6   4   5   3   8   3   4   4   3   3   3   2   1   1   1   3   0   1   2   0   2   0   0   0   0   0   0   1   0   0   0   0   0   0   0   0   0   0   0   0   0   0   0   0   0   0   0   0   0   0   0   0   0   0   0   0   0   0   0   0   0   0    0    0    0
   73    1      1      0    0   125  0  0  0  0  0  0  0  0   0   0   0   0   0   0   0   0   1   0   0   1   0   0   0   1   8   6   4   4   4   9   2   4   7   5   6   5   8   5   7   2   1   5   2   0   1   7   1   4   5   3   2   2   0   0   0   0   0   1   0   2   0   0   0   0   0   0   0   0   0   0   0   0   0   0   0   0   0   0   0   0   0   0   0   0   0   0   0   0   0   0   0   0   0   0   0   0   0   0    0    0    0
   74    1      1      0    0   125  0  0  0  0  0  0  0  0   0   0   0   0   0   0   0   0   0   0   2   0   1   0   1   4   2   2   4   5   5  10  11   4   8   5   6   5   4   5   5   4   4   2   5   1   3   2   3   2   2   1   1   1   3   0   1   0   0   1   0   0   0   0   0   0   0   0   0   0   0   0   0   0   0   0   0   0   0   0   0   0   0   0   0   0   0   0   0   0   0   0   0   0   0   0   0   0   0   0    0    0    0
   75    1      1      0    0   125  0  0  0  0  0  0  0  0   0   0   0   0   0   0   1   0   0   0   0   1   0   3   1   3   4   3   1   6  11   9  10   6   4   2   6   3   6   9   5   2   4  10   2   1   2   4   1   1   1   1   1   1   0   0   0   0   0   0   0   0   0   0   0   0   0   0   0   0   0   0   0   0   0   0   0   0   0   0   0   0   0   0   0   0   0   0   0   0   0   0   0   0   0   0   0   0   0   0    0    0    0
   76    1      1      0    0   125  0  0  0  0  0  0  0  0   0   0   0   0   0   1   1   0   0   0   0   0   2   0   4   4   3   4   3   2   9   9   7  10   8   2   6   9   4   2   5   7   2   2   1   2   2   0   1   1   1   1   1   2   2   1   0   0   1   2   1   0   0   0   0   0   0   0   0   0   0   0   0   0   0   0   0   0   0   0   0   0   0   0   0   0   0   0   0   0   0   0   0   0   0   0   0   0   0   0    0    0    0
   77    1      1      0    0   125  0  0  0  0  0  0  0  0   0   0   0   0   0   0   0   0   0   0   0   0   1   4   3   3   1   5  10   6   6   7   2   5   7   5   6  12   3   5   4   4   4   2   4   4   2   1   1   2   2   1   0   1   1   0   0   0   0   0   0   0   0   1   0   0   0   0   0   0   0   0   0   0   0   0   0   0   0   0   0   0   0   0   0   0   0   0   0   0   0   0   0   0   0   0   0   0   0   0    0    0    0
   78    1      1      0    0   125  0  0  0  0  0  0  0  0   0   0   0   0   0   0   0   0   0   0   0   0   1   0   2   0   0   4   6  10   9   8  13   7  10  13   3   3   4   6   5   3   2   3   3   1   2   2   1   1   1   0   2   0   0   0   0   0   0   0   0   0   0   0   0   0   0   0   0   0   0   0   0   0   0   0   0   0   0   0   0   0   0   0   0   0   0   0   0   0   0   0   0   0   0   0   0   0   0   0    0    0    0
   79    1      1      0    0   125  0  0  0  0  0  0  0  0   0   0   0   0   0   0   0   0   0   0   0   1   1   0   0   0   3   2   1   3   2   6   5   9   5  10   7   6   6   7   3  10   4   4   7   5   4   3   2   2   2   2   0   0   1   0   1   0   0   1   0   0   0   0   0   0   0   0   0   0   0   0   0   0   0   0   0   0   0   0   0   0   0   0   0   0   0   0   0   0   0   0   0   0   0   0   0   0   0   0    0    0    0
   80    1      1      0    0   125  0  0  0  0  0  0  0  0   0   0   0   0   0   0   0   0   0   0   0   0   0   1   1   1   1   1   3   4   1   5   6   8   5   7   5   7   9   5   4   4   8   3   2   5   9   2   1   4   4   2   0   0   1   2   0   2   0   1   0   0   0   0   0   0   0   0   0   0   0   0   0   1   0   0   0   0   0   0   0   0   0   0   0   0   0   0   0   0   0   0   0   0   0   0   0   0   0   0    0    0    0
   81    1      1      0    0   125  0  0  0  0  0  0  0  0   0   0   0   0   0   0   0   0   0   0   0   0   2   3   2   3   2   0   3   5   5   2   3   4   5   3   7   3   5   4   9   6   6   3   4  11   3   3   3   2   2   2   0   1   2   2   1   1   1   0   0   0   0   1   0   0   0   0   0   0   0   0   0   0   1   0   0   0   0   0   0   0   0   0   0   0   0   0   0   0   0   0   0   0   0   0   0   0   0   0    0    0    0
   82    1      1      0    0   125  0  0  0  0  0  0  0  0   0   0   0   0   0   0   0   0   0   0   1   0   0   1   2   2   1   2   5   6   5   6   8   8   8   6   7   6   3   6   4   4   1   1   6   7   4   1   1   1   1   1   1   1   2   0   1   2   0   1   0   1   0   0   1   0   0   0   0   0   0   0   0   0   0   0   0   0   0   0   0   0   0   0   0   0   0   0   0   0   0   0   0   0   0   0   0   0   0   0    0    0    0
   83    1      1      0    0   125  0  0  0  0  0  0  0  0   0   0   0   0   0   0   0   0   0   0   0   1   1   1   5   4   1   3   4  10   6  10   5   6   2   7   4   3   6   3   4   2   6   4   5   4   2   3   1   2   0   0   1   1   2   0   1   0   0   0   1   0   1   0   1   1   0   0   1   0   0   0   0   0   0   0   0   0   0   0   0   0   0   0   0   0   0   0   0   0   0   0   0   0   0   0   0   0   0   0    0    0    0
   84    1      1      0    0   125  0  0  0  0  0  0  0  0   0   0   0   0   0   0   0   0   0   0   0   0   0   1   1   0   4   3   7   5   7  11   7   3   9  13   6   5   7   6   2   6   3   3   3   2   1   1   0   2   2   1   2   0   0   0   0   1   0   0   0   0   0   0   0   0   1   0   0   0   0   0   0   0   0   0   0   0   0   0   0   0   0   0   0   0   0   0   0   0   0   0   0   0   0   0   0   0   0   0    0    0    0
   85    1      1      0    0   125  0  0  0  0  0  0  0  0   0   0   0   0   0   0   0   0   0   0   1   0   0   0   1   1   2   3   4   4   8   3   7   7   6  10   9  10   7   4   3   3   5   3   4   2   1   2   1   2   2   0   2   0   3   0   1   2   0   1   0   0   0   0   0   0   0   0   0   0   0   0   0   0   1   0   0   0   0   0   0   0   0   0   0   0   0   0   0   0   0   0   0   0   0   0   0   0   0   0    0    0    0
   86    1      1      0    0   125  0  0  0  0  0  0  0  0   0   0   0   0   0   0   0   0   0   0   0   0   1   0   2   0   2   0   5   0   2   4   8   3  10   5   9   7   2   9  11   7   4   1   1   8   5   2   3   4   2   1   2   2   0   0   1   0   0   0   0   0   0   1   0   0   1   0   0   0   0   0   0   0   0   0   0   0   0   0   0   0   0   0   0   0   0   0   0   0   0   0   0   0   0   0   0   0   0   0    0    0    0
   87    1      1      0    0   125  0  0  0  0  0  0  0  0   0   0   0   0   0   0   0   0   0   0   0   0   1   1   0   1   2   3   4   6   4   1   3   4  10   4   6   6   3   7   8   7   4   8   1   5   1   3   1   4   2   4   1   3   1   1   2   0   1   1   0   0   0   0   1   0   0   0   0   0   0   0   0   0   0   0   0   0   0   0   0   0   0   0   0   0   0   0   0   0   0   0   0   0   0   0   0   0   0   0    0    0    0
   88    1      1      0    0   125  0  0  0  0  0  0  0  0   0   0   0   0   0   0   0   0   0   1   1   0   0   1   2   1   3   4   1   3   5   3   4   6   8   4   4   6   4   6  10   5   3   2   6   5   4   4   1   1   3   1   3   2   2   1   1   1   1   0   1   0   1   0   0   0   0   0   0   0   0   0   0   0   0   0   0   0   0   0   0   0   0   0   0   0   0   0   0   0   0   0   0   0   0   0   0   0   0   0    0    0    0
   89    1      1      0    0   125  0  0  0  0  0  0  0  0   0   0   0   0   1   0   0   0   0   0   0   0   1   3   0   2   2   3   1  12   4   2   1   7   6   5   9   3   7   6   1   1   2   6   6   5   1   1   3   4   1   2   4   3   1   2   0   0   2   1   1   0   0   2   0   0   0   0   0   0   0   1   0   0   0   0   0   0   0   0   0   0   0   0   0   0   0   0   0   0   0   0   0   0   0   0   0   0   0   0    0    0    0
   90    1      1      0    0   125  0  0  0  0  0  0  0  0   0   0   0   0   0   0   0   0   0   0   1   1   2   1   2   1   3   3   5   4   9   4   4   7   7   6   6   6   6   2   3   3   4   3   5   2   3   4   3   2   0   0   3   1   2   0   1   1   0   0   2   0   0   1   0   0   1   0   0   0   1   0   0   0   0   0   0   0   0   0   0   0   0   0   0   0   0   0   0   0   0   0   0   0   0   0   0   0   0   0    0    0    0
   91    1      1      0    0   125  0  0  0  0  0  0  0  0   0   0   0   0   0   0   0   0   0   0   2   0   5   2   6   2   6   8   5  11   6   5   3   9   3   3   6   7   5   5   4   2   5   2   4   2   1   0   0   1   2   0   0   0   1   0   0   1   0   0   0   0   0   1   0   0   0   0   0   0   0   0   0   0   0   0   0   0   0   0   0   0   0   0   0   0   0   0   0   0   0   0   0   0   0   0   0   0   0   0    0    0    0
   92    1      1      0    0   125  0  0  0  0  0  0  0  0   0   0   0   0   0   0   0   0   0   0   0   0   1   2   0   2   3   5   4   5   7   8   8   7   4   6  14   6   2   5   3   3   7   3   4   3   1   0   2   1   2   1   1   1   2   1   0   0   1   0   0   0   0   0   0   0   0   0   0   0   0   0   0   0   0   0   0   0   0   0   0   0   0   0   0   0   0   0   0   0   0   0   0   0   0   0   0   0   0   0    0    0    0
   93    1      1      0    0   125  0  0  0  0  0  0  0  0   0   0   0   0   0   0   0   0   0   0   0   0   0   0   0   0   1   2   4   5   4   6   5   5   7  11  10   9   8   7   8   5   4   3   3   2   2   0   1   3   3   2   1   1   0   0   1   0   0   0   1   0   0   0   0   0   0   0   0   0   1   0   0   0   0   0   0   0   0   0   0   0   0   0   0   0   0   0   0   0   0   0   0   0   0   0   0   0   0   0    0    0    0
   94    1      1      0    0   125  0  0  0  0  0  0  0  0   0   0   0   0   0   0   0   0   0   0   0   0   0   1   1   5   1   1   5   1   7   6   6   2   4   7   9   8   5   6   2   7   4   5   2   3   4   5   2   5   2   2   2   1   0   1   3   0   0   0   0   0   0   0   0   0   0   0   0   0   0   0   0   0   0   0   0   0   0   0   0   0   0   0   0   0   0   0   0   0   0   0   0   0   0   0   0   0   0   0    0    0    0
   95    1      1      0    0   125  0  0  0  0  0  0  0  0   0   0   0   0   0   0   0   0   0   0   0   0   0   2   0   3   0   1   4   2   3   6  11   5   7   9   4   5   4   5   5   5   0   5   6   2   2   6   4   2   2   3   2   3   0   0   0   0   2   0   3   0   1   1   0   0   0   0   0   0   0   0   0   0   0   0   0   0   0   0   0   0   0   0   0   0   0   0   0   0   0   0   0   0   0   0   0   0   0   0    0    0    0
   96    1      1      0    0   125  0  0  0  0  0  0  0  0   0   0   0   0   0   0   0   0   0   0   0   0   1   1   1   2   2   5   3   3   4   2   2   6   5   7   4   3   6   2   6   5   4   5   4   8   3   7   3   4   3   2   1   3   0   2   2   1   0   1   0   1   1   0   0   0   0   0   0   0   0   0   0   0   0   0   0   0   0   0   0   0   0   0   0   0   0   0   0   0   0   0   0   0   0   0   0   0   0   0    0    0    0
   97    1      1      0    0   125  0  0  0  0  0  0  0  0   0   0   0   0   0   0   0   0   0   0   0   0   0   0   3   3   3   3   3   6   7   3   9   6   3   5   5   5   4   5   2   9   6   5   2   2   4   0   5   3   2   0   6   0   1   1   0   1   1   2   0   0   0   0   0   0   0   0   0   0   0   0   0   0   0   0   0   0   0   0   0   0   0   0   0   0   0   0   0   0   0   0   0   0   0   0   0   0   0   0    0    0    0
   98    1      1      0    0   125  0  0  0  0  0  0  0  0   0   0   0   0   0   0   0   0   0   0   1   1   0   1   2   2   2   1   2   5   2   6   7  10   8   4   6   2   7   3   4   6   9   3   4   2   4   1   0   4   2   2   6   0   0   3   0   0   1   0   2   0   0   0   0   0   0   0   0   0   0   0   0   0   0   0   0   0   0   0   0   0   0   0   0   0   0   0   0   0   0   0   0   0   0   0   0   0   0   0    0    0    0
   99    1      1      0    0   125  0  0  0  0  0  0  0  0   0   0   0   0   0   0   0   1   0   0   0   1   0   1   2   3   2   4   6   3   6   5   9   8   3  10   5   4   7   6   6   5   2   5   1   3   1   1   4   2   2   0   0   0   2   0   1   1   2   0   0   0   0   1   0   0   0   0   0   0   0   0   0   0   0   0   0   0   0   0   0   0   0   0   0   0   0   0   0   0   0   0   0   0   0   0   0   0   0   0    0    0    0
  100    1      1      0    0   125  0  0  0  0  0  0  0  0   0   0   0   0   0   0   0   0   0   0   0   0   0   1   4   4   3   5   6   4   6   3   6   6   5   7   3   4   9   4   7   2   8   6   4   1   0   3   3   1   1   2   1   1   2   2   1   0   0   0   0   0   0   0   0   0   0   0   0   0   0   0   0   0   0   0   0   0   0   0   0   0   0   0   0   0   0   0   0   0   0   0   0   0   0   0   0   0   0   0    0    0    0
   76    1      2      0    0   500  0  0  0  0  0  0  0  0   0   0   3   4   5   2   2   3   5   3   5  14  16  11  15  26  23  24  22  25  28  21  20  18  23  22  23  16  11  18  17   8  11   8   7   7   5   3   1   5   2   6   2   1   1   0   6   0   0   0   1   0   0   0   1   0   0   0   0   0   0   0   0   0   0   0   0   0   0   0   0   0   0   0   0   0   0   0   0   0   0   0   0   0   0   0   0   0   0   0    0    0    0
   78    1      2      0    0   500  0  0  0  0  0  0  0  0   0   0   0   0   1   1   0   0   0   2   3   8   5  10  11  19  26  18  31  27  31  30  28  30  28  24  19  19  15  18  20   9  15   7   4  10   4   4   5   5   3   1   0   3   1   1   0   1   1   2   0   0   0   0   0   0   0   0   0   0   0   0   0   0   0   0   0   0   0   0   0   0   0   0   0   0   0   0   0   0   0   0   0   0   0   0   0   0   0   0    0    0    0
   80    1      2      0    0   500  0  0  0  0  0  0  1  0   0   1   1   1   1   3   1   6   1   2   5   2   9   4   8   8  12  15  11  23  22  13  28  23  30  23  21  20  23  18  14  19  13  18  17  12   8  11  10   6  11   6   4   4   2   2   1   1   1   1   1   1   1   0   0   0   0   0   0   0   0   0   0   0   0   0   0   0   0   0   0   0   0   0   0   0   0   0   0   0   0   0   0   0   0   0   0   0   0   0    0    0    0
   82    1      2      0    0   500  0  0  0  0  0  0  0  0   0   1   0   3   2   5   3   1   5   6   4   4   4  12   5  13  14  18  28  24  28  24  27  16  20  19  19  25  16  15  17  11  13   9  12   7  14   9   7   6   3   6   7   6   2   3   1   1   0   0   0   3   0   0   1   0   1   0   0   0   0   0   0   0   0   0   0   0   0   0   0   0   0   0   0   0   0   0   0   0   0   0   0   0   0   0   0   0   0   0    0    0    0
   84    1      2      0    0   500  0  0  0  0  0  0  0  0   0   0   0   0   1   1   1   2   2   4   4   8  12  20  21  23  25  25  29  39  25  24  26  20  14  23  19  12  15  13  10  10  14   4  11   6   6   5   5   3   3   1   2   1   1   3   1   1   1   0   2   0   0   0   0   1   0   0   0   0   0   0   1   0   0   0   0   0   0   0   0   0   0   0   0   0   0   0   0   0   0   0   0   0   0   0   0   0   0   0    0    0    0
   86    1      2      0    0   500  0  0  0  0  0  0  0  0   0   1   0   1   1   2   2   0   0   0   2   4   6   6   9  15  17  25  25  15  25  19  12  27  20  18  15  26  24  26  16  21  10  14  14  10   9  10  11   6   5   7   5   3   5   1   2   1   2   2   0   0   0   2   0   0   0   1   0   0   0   0   0   0   0   0   0   0   0   0   0   0   0   0   0   0   0   0   0   0   0   0   0   0   0   0   0   0   0   0    0    0    0
   88    1      2      0    0   500  0  0  0  0  0  0  0  0   0   0   1   3   1   0   1   2   4   5   4   8  13  11  16  16  18  25  23  19  22  17  20  22  11  22  17  15  16  17  14  12  13  15  14  10   8   8   4  13   5   6   5   5   1   5   1   2   2   1   3   0   0   2   0   1   0   0   0   0   0   0   0   0   1   0   0   0   0   0   0   0   0   0   0   0   0   0   0   0   0   0   0   0   0   0   0   0   0   0    0    0    0
   90    1      2      0    0   500  0  0  0  0  0  0  0  0   0   2   2   2   3   4   1   4   2   8   4   8  14  19  18  19  15  34  26  27  13  20  10  15  24  13  16  17  12  17  10  13   8   4  15   8   8  14   2   8   7   3   3   3   5   5   0   3   4   0   3   2   0   0   2   0   1   0   0   0   0   0   0   0   0   0   0   0   0   0   0   0   0   0   0   0   0   0   0   0   0   0   0   0   0   0   0   0   0   0    0    0    0
   92    1      2      0    0   500  0  0  0  0  0  0  0  0   0   0   0   0   0   0   1   1   3   1   5  10   8  15  10  18  16  25  26  40  28  29  29  22  19  27  25  18  11  13  10  20  11   6   9   4   9   3   2   4   2   1   2   5   3   1   0   1   1   2   1   0   1   1   0   1   0   0   0   0   0   0   0   0   0   0   0   0   0   0   0   0   0   0   0   0   0   0   0   0   0   0   0   0   0   0   0   0   0   0    0    0    0
   94    1      2      0    0   500  0  0  0  0  0  0  0  0   0   0   0   0   0   0   1   2   2   5   4   8   8  11  12  17  14  19  24  24  17  18  28  23  19  20  20  21  23  23  11  17  14   9  20  13   5   5   8   7   6   1   3   4   6   1   2   1   1   2   0   0   0   0   0   0   0   0   0   0   0   0   1   0   0   0   0   0   0   0   0   0   0   0   0   0   0   0   0   0   0   0   0   0   0   0   0   0   0   0    0    0    0
   96    1      2      0    0   500  0  0  0  0  0  0  0  0   1   0   0   1   0   0   1   0   5   2   3   8  13   8  13  16  12  22  15  19  19  19  12  18  20  25  15  17  15  22  22  12  15  17  12  15  11   9   6   7  14   8   4   3   5   2   7   1   3   0   0   1   1   2   1   0   0   0   0   0   0   1   0   0   0   0   0   0   0   0   0   0   0   0   0   0   0   0   0   0   0   0   0   0   0   0   0   0   0   0    0    0    0
   98    1      2      0    0   500  0  0  0  0  0  0  0  0   0   1   0   1   0   2   1   0   1   3   5   5  10  12  17  15  20  24  31  26  23  22  16  21  26  18  17  13  16  18  18  11  15  14  11   9   6  10   8  10   8   3   2   1   2   1   3   1   0   1   0   0   2   0   0   0   0   0   0   0   0   0   0   0   0   0   0   0   0   0   0   0   0   0   0   0   0   0   0   0   0   0   0   0   0   0   0   0   0   0    0    0    0
  100    1      2      0    0   500  0  0  0  0  0  0  0  0   0   2   0   1   1   4   2   3   2   9   2   9  13  13  31  28  25  24  23  26  28  14  21  33  11  16   9  13  18  14   9   9  10   8  10   8  12   7   4   3   2   4   3   3   2   2   1   1   2   2   1   0   0   1   0   0   0   1   0   0   0   0   0   0   0   0   0   0   0   0   0   0   0   0   0   0   0   0   0   0   0   0   0   0   0   0   0   0   0   0    0    0    0
25 #_N_agebins
#_agebin_vector
1 2 3 4 5 6 7 8 9 10 11 12 13 14 15 16 17 18 19 20 21 22 23 24 25
1 #_N_ageerror_definitions
 #_age0   age1   age2   age3   age4   age5   age6   age7   age8   age9  age10  age11  age12  age13  age14  age15  age16  age17  age18  age19  age20  age21  age22  age23  age24  age25
 -1.000 -1.000 -1.000 -1.000 -1.000 -1.000 -1.000 -1.000 -1.000 -1.000 -1.000 -1.000 -1.000 -1.000 -1.000 -1.000 -1.000 -1.000 -1.000 -1.000 -1.000 -1.000 -1.000 -1.000 -1.000 -1.000
  0.001  0.001  0.001  0.001  0.001  0.001  0.001  0.001  0.001  0.001  0.001  0.001  0.001  0.001  0.001  0.001  0.001  0.001  0.001  0.001  0.001  0.001  0.001  0.001  0.001  0.001
49 #_N_agecomp
3 #_Lbin_method: 1=poplenbins; 2=datalenbins; 3=lengths
-1 #_combine males into females at or below this bin number
 #_Yr Seas FltSvy Gender Part Ageerr Lbin_lo Lbin_hi Nsamp  a1  a2  a3  a4 a5 a6 a7 a8 a9 a10 a11 a12 a13 a14 a15 a16 a17 a18 a19 a20 a21 a22 a23 a24 a25
   36    1      1      0    0      1      -1      -1   125   0   6  23  28  5 11  5  8 12   1   4  11   3   3   4   1   0   0   0   0   0   0   0   0   0
   46    1      1      0    0      1      -1      -1   125   7  32  36  12  5  7  7  3  1   4   0   2   3   2   0   0   1   1   0   0   1   1   0   0   0
   51    1      1      0    0      1      -1      -1   125   7  32  17  42  7  8  6  4  0   0   0   0   0   0   0   1   0   0   1   0   0   0   0   0   0
   56    1      1      0    0      1      -1      -1   125  14  12  13  20 41  6 12  2  3   1   0   1   0   0   0   0   0   0   0   0   0   0   0   0   0
   61    1      1      0    0      1      -1      -1   125   7  71   7  14  7 10  2  2  0   2   1   1   0   1   0   0   0   0   0   0   0   0   0   0   0
   66    1      1      0    0      1      -1      -1   125  16  49   7  12 27  2  9  0  0   1   0   1   0   0   0   0   1   0   0   0   0   0   0   0   0
   71    1      1      0    0      1      -1      -1   125  12  36  12  41 14  4  3  0  1   2   0   0   0   0   0   0   0   0   0   0   0   0   0   0   0
   72    1      1      0    0      1      -1      -1   125  20  17  21  11 33 14  4  3  1   0   1   0   0   0   0   0   0   0   0   0   0   0   0   0   0
   73    1      1      0    0      1      -1      -1   125  10  46  10  25  4 17 10  2  1   0   0   0   0   0   0   0   0   0   0   0   0   0   0   0   0
   74    1      1      0    0      1      -1      -1   125  19  41  28  10 10  7  7  2  1   0   0   0   0   0   0   0   0   0   0   0   0   0   0   0   0
   75    1      1      0    0      1      -1      -1   125  17  50  20  18  3  2  2  7  3   0   1   0   0   1   0   1   0   0   0   0   0   0   0   0   0
   76    1      1      0    0      1      -1      -1   125  17  49  30  14  7  6  1  0  0   1   0   0   0   0   0   0   0   0   0   0   0   0   0   0   0
   77    1      1      0    0      1      -1      -1   125  30  30  29  21  2  7  1  0  1   2   1   1   0   0   0   0   0   0   0   0   0   0   0   0   0
   78    1      1      0    0      1      -1      -1   125   6  58  19  23  9  1  6  2  1   0   0   0   0   0   0   0   0   0   0   0   0   0   0   0   0
   79    1      1      0    0      1      -1      -1   125   3  17  69  14  9  7  3  1  1   1   0   0   0   0   0   0   0   0   0   0   0   0   0   0   0
   80    1      1      0    0      1      -1      -1   125   9  10  18  55 14  9  5  4  1   0   0   0   0   0   0   0   0   0   0   0   0   0   0   0   0
   81    1      1      0    0      1      -1      -1   125  22  16  13  12 38 13  4  5  0   1   0   0   0   0   1   0   0   0   0   0   0   0   0   0   0
   82    1      1      0    0      1      -1      -1   125   5  46  18   9  9 28  7  3  0   0   0   0   0   0   0   0   0   0   0   0   0   0   0   0   0
   83    1      1      0    0      1      -1      -1   125  22  11  53   8  8  5 15  2  1   0   0   0   0   0   0   0   0   0   0   0   0   0   0   0   0
   84    1      1      0    0      1      -1      -1   125  15  64   5  23  2  1  0  8  2   0   2   1   1   1   0   0   0   0   0   0   0   0   0   0   0
   85    1      1      0    0      1      -1      -1   125   6  27  64   4 18  4  0  0  2   0   0   0   0   0   0   0   0   0   0   0   0   0   0   0   0
   86    1      1      0    0      1      -1      -1   125   3  20  32  40  5 14  3  2  1   1   2   1   0   1   0   0   0   0   0   0   0   0   0   0   0
   87    1      1      0    0      1      -1      -1   125  12   7  14  36 37  6  6  3  2   0   1   1   0   0   0   0   0   0   0   0   0   0   0   0   0
   88    1      1      0    0      1      -1      -1   125  10  27  10  19 24 21  3  8  1   0   0   1   1   0   0   0   0   0   0   0   0   0   0   0   0
   89    1      1      0    0      1      -1      -1   125   5  29  27  10  9 14 19  1  6   2   0   1   0   0   2   0   0   0   0   0   0   0   0   0   0
   90    1      1      0    0      1      -1      -1   125  13  26  20  24  3  5 14 13  2   2   0   0   1   2   0   0   0   0   0   0   0   0   0   0   0
   91    1      1      0    0      1      -1      -1   125  32  38  12  16  9  4  3  8  2   0   0   1   0   0   0   0   0   0   0   0   0   0   0   0   0
   92    1      1      0    0      1      -1      -1   125  10  57  25   8  4 10  2  2  2   4   0   1   0   0   0   0   0   0   0   0   0   0   0   0   0
   93    1      1      0    0      1      -1      -1   125   1  21  71  15  3  7  2  1  1   1   2   0   0   0   0   0   0   0   0   0   0   0   0   0   0
   94    1      1      0    0      1      -1      -1   125   9  11  26  47 13  4  8  2  1   1   1   1   0   1   0   0   0   0   0   0   0   0   0   0   0
   95    1      1      0    0      1      -1      -1   125   5  31  15  18 36 11  4  2  2   0   0   0   0   0   1   0   0   0   0   0   0   0   0   0   0
   96    1      1      0    0      1      -1      -1   125  14  12  30  15 14 29  5  3  2   0   0   0   1   0   0   0   0   0   0   0   0   0   0   0   0
   97    1      1      0    0      1      -1      -1   125  16  31  16  22 11  7 16  2  2   1   1   0   0   0   0   0   0   0   0   0   0   0   0   0   0
   98    1      1      0    0      1      -1      -1   125  14  33  22  10 18  5  9  9  2   1   1   0   0   0   0   1   0   0   0   0   0   0   0   0   0
   99    1      1      0    0      1      -1      -1   125  12  31  31  20  3  9  3  4  7   2   2   1   0   0   0   0   0   0   0   0   0   0   0   0   0
  100    1      1      0    0      1      -1      -1   125  28  25  24  20 10  4  5  4  2   1   0   0   1   0   1   0   0   0   0   0   0   0   0   0   0
   76    1      2      0    0      1      -1      -1   500 140 154 114  28 32  5  7  6  7   2   0   3   0   1   1   0   0   0   0   0   0   0   0   0   0
   78    1      2      0    0      1      -1      -1   500  58 289  64  50 21  7  5  2  2   0   1   1   0   0   0   0   0   0   0   0   0   0   0   0   0
   80    1      2      0    0      1      -1      -1   500  69  50  70 213 38 26 24  4  2   1   2   0   0   1   0   0   0   0   0   0   0   0   0   0   0
   82    1      2      0    0      1      -1      -1   500  53 238  33  23 33 79 17 10  9   2   1   0   1   0   0   1   0   0   0   0   0   0   0   0   0
   84    1      2      0    0      1      -1      -1   500 109 232  30  80 17  6  3 16  5   2   0   0   0   0   0   0   0   0   0   0   0   0   0   0   0
   86    1      2      0    0      1      -1      -1   500  53  80 113 164 11 49 10  3  1  12   3   1   0   0   0   0   0   0   0   0   0   0   0   0   0
   88    1      2      0    0      1      -1      -1   500 110 126  44  36 77 63  7 19  6   2   1   7   1   1   0   0   0   0   0   0   0   0   0   0   0
   90    1      2      0    0      1      -1      -1   500 161  80  78  68 16 24 28 23  3  15   0   0   1   2   1   0   0   0   0   0   0   0   0   0   0
   92    1      2      0    0      1      -1      -1   500  50 264  77  26 26 16 11  6 12  10   0   2   0   0   0   0   0   0   0   0   0   0   0   0   0
   94    1      2      0    0      1      -1      -1   500  92  70  75 168 37 19 16  7  4   4   2   1   2   2   0   0   0   0   1   0   0   0   0   0   0
   96    1      2      0    0      1      -1      -1   500 115  61 109  58 39 71 18  8  9   3   1   3   2   1   0   0   0   0   1   0   0   1   0   0   0
   98    1      2      0    0      1      -1      -1   500 100 121 107  31 55 20 20 35  4   1   4   1   0   1   0   0   0   0   0   0   0   0   0   0   0
  100    1      2      0    0      1      -1      -1   500 194 105  73  58 26  7 12  6  4  10   1   0   3   1   0   0   0   0   0   0   0   0   0   0   0
0 #_N_MeanSize_at_Age_obs
0 #_N_environ_variables
0 #_N_environ_obs
0 #_N_sizefreq_methods
0 #_do_tags
0 #_morphcomp_data
#
999
